"L1"	"L10"	"L11"	"L12"	"L13"	"L14"	"L15"	"L16"	"L17"	"L18"	"L19"	"L2"	"L20"	"L21"	"L22"	"L23"	"L24"	"L25"	"L26"	"L27"	"L28"	"L29"	"L3"	"L30"	"L31"	"L32"	"L33"	"L34"	"L35"	"L36"	"L37"	"L38"	"L39"	"L4"	"L40"	"L41"	"L42"	"L5"	"L6"	"L7"	"L8"	"L9"
"ASV1"	230811.061069472	7456488.45726436	2903366.78375806	4277617.82930618	990267.821148066	3358774.03905447	59456.8560312172	1077979.3715558	288419.50300739	675388.695139268	133021.143243243	292281.547960194	2739371.56820741	1466483.89086112	196124.961896867	2638960.15058851	715900.215548011	4773084.28874167	85325.6652908551	12805782.2068583	3670474.92653146	443011.011804864	481521.347761984	265732.520884521	900177.416475116	496982.571528409	356239.304654627	537674.98308491	1203264.89571394	3731316.68345663	63090.0869171278	3028229.06644601	2958065.17431193	49837.5043539369	62518.6223141014	580890.461114783	107782.49474816	833426.841696261	139901.541199055	960369.47934393	673289.641862698	401562.859691925
"ASV2"	33011.8398816926	2220842.61936603	1097103.80869754	124165.852347256	906861.366285271	13390614.640958	88.9355803021314	182995.253866645	19016.5523973191	100044.077771709	130.776152623211	39048.4567290158	1546284.18384182	1496.14272007676	2995.45469357421	3022211.62474036	11571.1691477322	166196.565467863	1082.85770024507	0	1616936.90811258	22734.2183188736	84129.8760396189	20294.9562653563	491810.678890255	50396.4675379132	40911.1581423307	22345.9622508792	462513.694153152	1869249.18463718	10.8138368443193	1993625.95022755	411634.370642202	185.787527880473	447.01772849715	18434.575677462	2297.48672566372	261879.081721329	3573.7925280567	8014.02711901227	103799.400970822	120.235600841944
"ASV3"	0	9067816.51288364	1020819.1507248	220044.520107007	0	0	16.4188763634704	127.745377917379	0	303.900600764609	0	0	346823.82778578	763472.829215639	0	64899.0301177014	0	4535950.1648424	0	0	2553465.63948675	576.461954202816	0	812.163267813268	0	196573.077643441	0	108669.443342824	0	719030.384070518	0	1396510.35966074	1456461.00550459	4.64468819701182	0	26680.2405816259	0	42056.8217672864	0	5123.72225641768	0	72021.1249043245
"ASV4"	0	47749.9888649526	11222.7926242215	21140.9484811874	1470.64278095607	0	0	0	0	5865.28159475696	2484.74689984102	0	1355933.58203483	313749.929239626	34.3646809970272	36589.1651280868	34140.6772873683	31753.002345486	0	100200731.161205	5980.83712748344	32155.7683828758	566.690155753818	0	715.771957021436	1521.74058284995	0	0	325.576301670528	139324.704863844	0	920135.053951179	0	0	0	3238.74311522362	15.3370275411463	691.886609567579	0	0	0	0
"ASV5"	0	0	39886.4116239223	2715271.96056265	1890.82643265781	0	0	0	569.744079738787	243.120480611688	256.103298887122	0	0	0	0	7745.15174244173	0	0	2899.35882884045	0	0	0	0	36.5017199017199	1883.6104132143	1370730.20854008	80.3530042077202	0	193848.130014632	0	0	0	1424979.58899083	51.0915701671301	0	0	0	0	0	135581.573554437	0	0
"ASV6"	0	13044173.4287553	0	0	0	0	0	0	558.994191441829	0	0	0	4360.45431452141	13641.3012712881	0	4807.33556427417	297.87168103073	470890.268825611	0	0	16535.2555877483	0	1534.78583849992	255.512039312039	0	209552.629673632	0	1345.50658181209	0	1969792.78608531	0	0	76030.5908256881	60.3809465611537	0	0	0	0	0	3153.05985010319	0	0
"ASV7"	5830.0296440695	429749.899784573	407357.040387283	0	144543.176185397	650437.251441083	0	19736.6608882351	1139.48815947757	6047.62195521573	0	10294.7559005888	381875.172083279	0	0	642580.520424648	1260.22634282232	0	0	0	73177.3013245033	1801.4436068838	44178.2200589748	8431.8972972973	0	29002.5852260815	3914.33920497609	0	44148.1465065236	538339.168896584	0	154610.286843194	0	0	165.636033327069	2380.9138576779	319.010172855843	0	1021.08357944477	0	3696.3280524884	0
"ASV8"	0	0	0	0	0	0	0	0	0	0	0	0	335.419562655493	0	0	15757.3776828987	0	0	0	0	0	0	0	0	1808.26599668573	0	0	0	0	0	0	0	0	0	0	0	0	0	0	0	0	0
"ASV9"	0	0	0	0	0	0	0	0	0	0	0	0	0	0	0	0	0	0	0	0	0	0	0	0	0	0	0	0	0	0	0	0	0	0	0	0	0	0	0	2040949.36547304	0	0
"ASV10"	0	0	0	2927276.96505005	0	0	0	0	0	0	0	0	0	0	0	0	91.6528249325324	0	396.167451309171	0	0	0	0	0	0	38491.0853309106	0	0	202768.920680405	0	0	0	80782.5027522936	0	0	0	0	0	65.4540756054341	26012.7437633513	0	0
"ASV11"	0	0	0	0	0	0	0	136368.190926802	0	0	0	0	0	0	0	237161.887837526	0	0	0	0	244862.508278146	0	0	0	0	0	15026.0117868437	0	0	0	1706.42345403359	0	0	0	0	0	0	0	15800.6138511518	0	42728.6223929162	0
"ASV12"	0	0	0	0	0	0	0	0	0	0	0	0	0	0	0	0	0	4964953.49440375	0	0	0	0	0	0	0	0	0	0	0	0	0	0	1478438.59816514	0	0	0	0	0	0	0	0	0
"ASV13"	0	0	0	0	0	0	0	0	0	0	0	0	0	0	0	0	0	0	0	0	0	0	755.586874338424	0	0	0	0	580.414603918942	0	0	0	0	60586.8770642202	0	0	0	0	0	0	0	0	0
"ASV14"	46.8651900648674	0	56417.281840681	0	0	281156.747397113	0	39537.1944654288	0	28566.6564718733	0	0	5366.71300248789	0	0	0	19361.6592669975	0	29.3457371340126	0	0	2810.25202673873	0	0	0	0	3007.49815748896	0	0	113757.903352747	0	0	0	0	0	1365.52412425644	0	0	1525.07996160662	0	0	0
"ASV15"	0	0	0	0	0	0	0	138859.225796191	0	0	0	0	0	0	0	217665.471382414	0	0	0	0	224105.485306291	0	0	0	0	0	0	0	0	0	0	0	0	0	0	0	0	0	14046.4446249262	0	0	0
"ASV16"	0	0	0	0	0	0	0	0	0	0	0	0	0	0	0	0	0	0	0	0	0	0	0	0	0	0	0	113814.027332105	0	0	0	0	0	0	0	0	0	0	0	0	0	0
"ASV17"	0	0	0	0	0	0	0	0	0	0	0	0	0	0	0	0	0	0	0	0	0	0	0	0	0	0	15496.6508114889	0	0	0	1686.95854771381	0	0	0	0	0	0	0	0	0	45099.8517096069	0
"ASV18"	0	0	0	0	0	0	0	0	0	0	0	0	0	0	0	0	0	0	0	0	0	0	0	0	0	0	0	0	0	0	0	0	0	0	0	0	0	0	0	415152.880263587	0	0
"ASV20"	0	1043009.5606972	0	0	0	0	0	0	0	0	0	0	0	0	0	0	0	0	0	0	0	0	0	0	0	0	0	0	0	0	0	0	0	0	0	0	0	0	0	0	0	0
"ASV21"	440.532786609754	8426.46862322693	3639.82463488265	893.27951328961	315.137738776302	5035.64323696322	69.7802245447492	383.236133752137	365.49620209658	182.340360458766	158.021184419714	71.615693221487	1173.96846929423	1144.10913888223	108.82148982392	2403.66778213709	572.830155828328	1351.19158916962	44.018605701019	0	2814.51158940397	108.086616413028	306.957167699985	219.010319410319	301.377666114289	268.542455797051	172.185009016543	131.912409981578	1497.65098768443	0	17.3021389509109	1254.44451799752	2375.95596330275	26.319899783067	47.8947566246946	70.0268781669971	76.6851377057315	296.52283267182	91.6357058476078	0	302.21550114685	408.80104286261
"ASV22"	1077.89937149195	0	0	13696.9525371074	0	0	0	3512.99789272792	0	2522.37498634626	593.941693163752	1271.17855468139	0	5192.49532261933	836.207237594329	8813.44853450265	0	0	416.70946730298	0	0	0	0	784.786977886978	3578.85978510718	1432.2264309176	1331.56406972794	0	0	7181.68581772391	0	0	0	0	0	1838.20555188367	398.762716069804	3162.91021516607	628.359125812168	0	2069.01381554382	1346.63872942977
"ASV23"	74.9843041037878	0	0	1191.03935105281	315.137738776302	4196.36936413602	28.7330336360732	255.490755834758	0	729.361441835063	65.3880763116057	268.558849580576	0	0	51.5470214955408	2403.66778213709	504.090537128928	1351.19158916962	35.2148845608152	0	703.627897350993	234.187668894894	70.8362694692273	82.1288697788698	226.033249585717	268.542455797051	57.3950030055145	52.764963992631	651.152603341056	0	8.65106947545546	0	0	24.7716703840631	67.8509052183174	157.560475875744	104.291787279795	296.52283267182	104.726520968695	0	0	72.1413605051665
"ASV24"	0	0	0	0	0	0	0	0	0	0	0	0	0	0	0	0	0	0	0	0	0	0	0	0	188.36104132143	0	355.84901863419	0	0	0	0	0	0	0	0	0	0	0	0	0	0	0
"ASV25"	0	0	0	0	0	0	0	0	0	0	0	0	0	0	0	0	0	0	0	0	0	0	0	0	0	0	149.227007814338	0	0	0	0	0	0	0	0	0	0	0	0	0	0	0
"ASV26"	1977.7110207374	0	0	0	68489.9352273829	0	0	0	440.745420175288	0	0	0	0	0	0	0	0	0	0	0	0	0	0	0	0	0	0	0	10092.8653517864	0	0	53941.1142738933	0	0	0	0	0	0	0	0	0	0
"ASV27"	0	0	0	0	0	0	0	0	0	7779.855379574	0	0	0	0	0	0	0	0	0	0	0	0	661.138515046121	0	0	63734.0761758334	0	422.119711941048	0	0	0	0	111075.941284404	0	0	0	0	0	0	0	0	0
"ASV28"	0	0	0	0	0	0	0	0	0	0	0	0	0	0	0	0	0	0	0	0	0	0	0	0	0	0	103.311005409926	0	0	0	0	0	0	0	0	0	0	0	0	0	0	0
"ASV29"	0	0	0	0	0	0	0	0	0	729.361441835063	0	0	0	0	0	0	0	659381.495514772	0	0	0	432.346465652112	0	0	0	0	0	0	0	0	0	0	0	72.7667817531853	13.9693040155359	0	0	0	0	1313.774937543	0	96.1884806735553
"ASV30"	0	0	0	0	0	0	0	0	0	0	0	0	0	0	0	0	0	0	0	0	0	0	0	0	0	0	0	0	0	0	0	0	0	0	0	0	0	0	0	0	0	26187.3138633754
"ASV31"	0	0	0	893.27951328961	0	0	0	0	0	0	0	0	0	0	0	3739.03877221325	0	0	0	0	0	0	0	0	0	59795.45349081	0	0	0	0	0	0	0	0	0	0	0	0	0	0	0	0
"ASV32"	0	0	9402.88030678017	0	0	49517.158496805	0	6067.9054510755	0	4619.28913162206	0	0	0	0	0	0	3162.02246017237	0	0	0	0	0	0	0	0	0	436.20202284191	0	0	16374.2436644105	0	0	0	0	0	0	0	0	359.997415829888	0	0	0
"ASV35"	0	0	0	0	0	754507.211671656	0	0	0	0	0	0	0	0	0	0	0	0	0	0	0	0	0	0	0	0	0	0	0	0	0	0	0	0	0	0	0	0	0	0	0	0
"ASV37"	0	0	0	0	0	0	0	0	290.246984017872	0	0	0	503.12934398324	0	0	0	320.784887263863	0	0	0	0	36.028872137676	0	0	0	0	0	0	0	0	0	0	0	0	0	122.547036792245	0	0	0	0	0	0
"ASV38"	0	0	11071.1332644347	0	0	0	194.290036967733	0	0	0	0	0	0	0	0	0	2153.84138591451	22294.6612212987	0	0	0	0	0	0	0	0	0	2163.36352369787	0	0	214.113969517523	0	0	199.721592471508	0	0	0	0	0	3678.56982512039	0	0
"ASV39"	0	0	0	0	4201.83651701736	17624.7513293713	0	0	1300.73648393195	0	0	0	11571.9749116145	0	0	0	0	0	0	0	14776.1858443709	1351.08270516285	0	0	0	0	0	0	5209.22082672845	0	0	15994.1676044683	0	0	235.482553404748	0	0	0	0	0	0	0
"ASV40"	37.4921520518939	0	454.978079360331	1191.03935105281	0	0	0	0	0	0	43.5920508744038	0	838.548906638733	440.041976493164	0	0	0	0	5.86914742680253	0	0	0	0	0	527.410915700005	0	160.70600841544	0	0	0	0	0	5345.90091743119	18.5787527880473	11.9736891561737	52.5201586252479	52.1458936398974	148.26141633591	19.6362226816302	0	0	0
"ASV41"	0	0	0	0	0	0	0	0	0	638.19126160568	0	0	0	0	0	0	0	341851.472059913	0	0	0	198.158796757218	0	0	0	0	0	0	0	0	0	0	0	35.6092761770907	0	0	0	0	0	0	0	0
"ASV42"	0	0	0	0	0	168694.048438268	0	0	0	0	0	0	0	0	0	0	0	0	0	0	60160.1852235099	0	0	0	0	0	0	0	0	0	0	0	0	0	0	0	0	0	0	0	0	0
"ASV44"	4058.52545961752	0	0	0	0	62945.5404620403	0	0	0	0	0	0	0	0	0	0	0	0	0	0	0	0	0	0	0	0	0	0	0	0	0	0	0	0	0	0	0	0	0	0	0	0
"ASV45"	0	0	0	35731.1805315844	0	0	0	0	236.497542533081	0	70.8370826709062	0	0	0	0	22701.3068312947	0	0	0	0	0	432.346465652112	330.569257523061	109.50515970516	0	8951.41519323503	0	0	0	14076.1042027389	0	0	0	68.1220935561734	0	87.5335977087464	0	0	0	0	0	0
"ASV46"	0	0	0	0	44644.5129933094	0	0	0	0	0	0	0	0	0	0	0	0	0	0	0	0	0	0	0	0	0	0	0	0	0	0	0	0	0	0	0	0	0	0	0	0	0
"ASV47"	0	0	0	0	0	0	0	0	0	0	0	0	0	0	0	0	0	0	0	0	0	0	0	0	0	0	0	0	0	0	0	0	0	0	0	0	0	20806.0187591393	0	0	0	0
"ASV48"	0	4681.37145734829	0	0	0	0	0	0	0	0	0	0	0	0	0	801.222594045696	0	0	0	0	0	0	0	0	791.116373550008	0	0	263.824819963155	781.383124009267	0	0	1568.0556474969	0	0	61.8640606402305	0	46.0110826234389	296.52283267182	98.1811134081512	0	0	0
"ASV49"	0	0	0	0	0	0	0	0	0	0	119.87813990461	0	0	0	0	0	0	0	0	0	0	0	0	0	0	25511.5333007198	0	0	0	0	0	0	0	0	0	0	0	0	0	0	0	0
"ASV51"	0	0	0	0	0	0	0	0	0	0	0	0	0	0	0	0	0	0	0	0	0	0	0	0	0	0	0	0	0	0	0	0	0	0	0	0	0	18334.9951535408	0	0	0	0
"ASV52"	0	0	0	0	0	0	0	0	0	0	0	0	0	0	0	0	0	233756.144926344	0	0	0	0	0	0	0	0	0	0	0	0	0	0	0	0	0	0	0	0	0	0	0	0
"ASV53"	196.833798272443	0	0	1488.79918881602	0	0	6.84119848477933	0	171.998212751332	212.730420535227	0	0	1341.67825062197	880.083952986328	0	0	0	0	55.756900554624	0	0	216.173232826056	165.28462876153	63.8780098280098	0	0	0	0	0	0	0	0	0	18.5787527880473	0	175.067195417493	0	0	0	0	0	192.376961347111
"ASV54"	0	7490.19433175727	0	0	3151.37738776302	0	0	0	0	0	0	143.231386442974	7043.81081576535	0	11.4548936656757	10682.9679206093	0	0	0	0	7739.90687086093	0	0	0	2034.29924627145	0	0	0	1823.22728935496	0	0	9094.722755482	0	0	0	0	0	0	0	0	0	0
"ASV55"	0	0	0	0	0	0	0	0	0	0	0	0	0	0	0	0	0	0	0	0	0	0	5879.41036594586	0	0	0	0	0	0	0	0	0	0	0	0	0	0	0	0	0	0	0
"ASV57"	84.3573421167613	0	6218.03375125785	0	0	38606.5981500514	0	0	0	0	0	0	0	0	0	0	0	0	0	0	0	0	0	0	0	0	206.622010819852	0	0	0	0	0	0	0	0	0	0	0	0	0	0	0
"ASV59"	0	0	0	0	0	0	0	0	0	0	0	0	0	0	0	0	0	0	0	0	0	0	0	0	0	0	0	0	0	0	0	0	0	0	0	0	0	0	0	19443.8690756363	0	0
"ASV60"	0	0	0	0	0	0	0	0	0	0	0	0	0	0	0	0	0	95934.6028310427	0	0	0	0	0	0	0	0	0	0	0	0	0	0	0	0	0	0	0	0	0	0	0	0
"ASV61"	0	0	0	0	0	0	0	0	0	0	0	0	0	0	0	0	0	94583.4112418731	0	0	0	0	0	0	0	0	0	0	0	0	0	0	0	0	0	0	0	0	0	0	0	0
"ASV63"	0	0	0	0	0	0	0	0	0	0	0	0	0	0	0	0	0	0	0	0	0	0	0	0	0	0	0	0	8920.79066577247	0	0	0	0	0	0	0	0	0	0	0	0	0
"ASV65"	0	0	0	0	0	0	0	0	32.2496648908747	0	0	0	0	0	0	0	137.479237398799	0	0	0	0	0	0	0	0	0	0	0	0	0	0	0	0	0	9.97807429681138	0	0	0	0	0	0	96.1884806735553
"ASV66"	0	0	0	10719.3541594753	0	0	0	0	0	0	0	0	0	0	0	0	0	0	0	0	0	0	0	0	0	6803.07554685862	0	0	0	0	0	0	7127.86788990826	0	0	0	0	0	0	0	0	0
"ASV67"	0	0	0	0	0	0	0	0	0	0	0	0	0	0	22.9097873313515	0	0	0	0	0	703.627897350993	0	0	0	0	0	0	0	0	0	0	0	0	0	27.9386080310719	0	0	0	0	0	0	0
"ASV69"	0	0	0	0	0	0	0	0	0	0	0	0	0	0	0	0	0	0	349.21427189475	0	0	0	0	0	0	0	0	0	0	0	6.48830210659159	0	0	0	0	0	0	0	0	0	0	0
"ASV72"	0	0	0	0	0	0	0	0	0	0	59.9390699523052	0	0	0	0	0	0	0	0	0	0	0	0	0	0	0	45.9160024044116	0	0	0	0	0	0	0	5.98684457808683	0	0	0	0	0	0	0
"ASV75"	984.168991362216	0	0	0	0	0	0	0	0	0	0	0	0	0	0	0	0	0	0	0	0	0	0	0	0	0	0	0	0	0	0	0	0	0	0	0	0	0	0	0	0	0
"ASV77"	0	0	0	0	0	0	0	0	0	0	0	0	0	0	0	0	0	0	0	0	0	0	2266.76062301527	0	0	0	0	0	0	0	0	0	0	0	0	0	0	0	0	0	0	0
"ASV79"	0	0	0	0	0	0	0	0	0	0	0	0	0	0	0	0	0	0	0	0	0	0	2172.31226372297	0	0	0	0	0	0	0	0	0	0	0	0	0	0	0	0	0	0	0
"ASV85"	0	0	0	0	0	0	0	0	0	0	0	0	0	0	0	0	0	0	0	0	0	0	0	0	3013.77666114289	0	0	0	0	0	0	0	0	0	0	0	0	0	0	0	0	0
"ASV86"	0	0	0	0	0	0	43.7836703025877	0	0	0	0	53.7117699161153	0	0	40.0921278298651	0	0	0	0	0	0	126.101052481866	0	0	0	0	0	0	0	0	0	0	0	0	0	0	0	0	0	0	0	72.1413605051665
"ASV87"	0	34642.1487843774	0	0	0	0	0	0	0	0	0	0	0	0	0	0	0	0	0	0	5980.83712748344	0	0	0	0	0	0	0	0	0	0	0	5939.88990825688	0	0	105.040317250496	0	0	0	0	0	0
"ASV88"	0	0	0	0	0	0	0	0	0	0	0	0	0	1144.10913888223	0	0	0	0	0	329762.631936266	0	0	0	0	0	0	0	0	0	0	0	3136.11129499379	0	0	0	0	0	0	0	0	0	0
"ASV93"	0	0	0	0	0	0	0	0	0	0	0	0	0	0	0	0	0	0	0	0	0	0	0	0	0	0	0	0	0	0	0	0	0	0	0	0	0	0	0	7751.27213150368	0	0
"ASV96"	0	0	0	0	0	0	0	0	0	0	0	0	0	0	0	0	0	0	0	0	0	0	0	0	0	0	631.345033060659	0	0	0	0	0	0	0	0	0	0	0	0	0	0	0
"ASV97"	0	0	0	0	0	0	0	0	21.4997765939165	0	49.0410572337043	53.7117699161153	0	0	11.4548936656757	1869.51938610662	91.6528249325324	0	0	0	0	90.07218034419	0	73.0034398034398	0	0	0	0	0	861.802298126869	0	0	0	13.9340645910355	0	0	0	0	0	0	0	0
"ASV99"	0	0	0	0	0	0	0	0	0	0	0	0	0	0	0	0	0	0	143.794111956662	0	0	0	0	0	0	0	0	0	0	0	0	0	0	0	0	0	0	0	0	0	0	0
"ASV100"	0	44004.8916990739	0	0	0	0	0	0	0	0	0	0	0	0	0	0	0	0	0	0	0	0	0	0	0	0	0	0	0	0	0	0	0	0	0	0	0	0	0	0	0	0
"ASV101"	0	0	6824.67119040496	0	0	0	0	0	0	0	0	0	0	0	0	0	0	0	0	0	0	0	0	0	0	0	0	0	0	0	0	0	0	0	0	0	0	0	0	0	0	0
"ASV102"	0	0	0	0	0	0	0	0	0	0	0	0	0	0	0	0	0	0	90.9717851154392	0	0	0	0	0	0	0	149.227007814338	0	0	0	0	0	0	0	0	0	0	0	0	0	0	0
"ASV103"	0	0	0	0	0	0	0	0	0	0	0	0	0	0	0	0	0	0	0	0	0	0	0	0	1506.88833057144	0	0	0	0	0	0	0	0	0	0	0	0	0	26.1816302421737	0	0	0
"ASV106"	0	0	0	0	0	0	0	0	0	0	0	0	0	0	0	0	0	0	0	0	0	0	0	0	0	358.056607729401	0	0	0	4883.54635605226	0	0	0	0	0	0	0	0	0	0	371.957539873046	0
"ASV109"	0	0	0	0	0	0	0	0	0	0	0	0	0	0	0	0	0	0	85.1026376886367	0	0	0	0	0	0	0	0	0	0	0	0	0	0	0	0	0	0	0	0	0	0	0
"ASV110"	0	29024.5030355594	0	0	0	0	0	0	0	0	0	0	0	0	0	0	0	0	0	0	0	0	0	0	0	0	0	0	0	0	0	0	0	0	0	0	0	0	0	0	0	0
"ASV111"	0	0	0	0	0	0	0	0	0	0	0	0	0	0	0	0	0	20943.469632129	0	0	0	0	0	0	0	0	0	0	0	0	0	0	0	0	0	0	0	0	0	0	0	0
"ASV112"	0	27151.9544526201	0	0	0	0	0	0	0	0	0	0	0	0	0	0	0	0	0	0	0	0	0	0	0	0	0	0	0	0	0	0	0	0	0	0	0	0	0	0	0	0
"ASV113"	0	0	0	0	0	0	0	127.745377917379	0	0	10.898012718601	0	0	0	28.6372341641893	0	0	0	0	0	0	0	0	0	0	0	68.8740036066174	0	0	0	0	0	0	0	0	0	27.6066495740634	0	19.6362226816302	0	0	0
"ASV114"	0	0	0	0	0	0	0	0	96.7489946726242	0	0	0	0	0	0	0	0	0	0	0	0	90.07218034419	0	0	0	0	0	0	0	0	0	0	0	0	0	0	0	0	0	0	0	0
"ASV117"	0	0	0	0	0	0	0	0	0	0	0	0	0	0	0	534.148396030464	0	0	0	0	0	36.028872137676	0	0	0	0	0	0	0	0	0	0	0	3.09645879800788	29.9342228904341	0	0	0	0	0	0	0
"ASV118"	0	0	0	0	0	0	0	0	0	0	0	0	0	0	0	0	0	0	0	0	0	0	0	0	0	0	0	0	0	0	0	0	0	7.74114699501971	0	0	0	0	0	0	0	0
"ASV119"	0	0	0	0	0	0	0	0	0	0	0	0	0	0	0	0	0	0	0	0	0	0	0	0	0	0	0	0	0	0	0	0	0	34.0610467780867	0	0	0	0	0	0	0	0
"ASV120"	0	0	0	0	0	0	0	0	0	0	0	0	0	0	0	0	0	0	0	0	0	0	0	0	0	0	0	0	0	0	0	0	0	0	0	0	67.4829211810437	0	0	0	0	0
"ASV121"	0	0	0	0	0	0	0	0	0	0	0	0	0	0	0	0	0	0	0	0	0	0	0	0	0	0	241.059012623161	0	0	0	0	0	0	0	0	0	0	0	0	0	0	0
"ASV123"	103.103418142708	0	0	0	0	0	0	0	0	0	0	71.615693221487	0	0	0	0	0	0	0	0	0	0	0	0	0	0	0	0	0	0	0	0	0	0	0	70.0268781669971	0	0	0	0	0	0
"ASV125"	0	0	0	0	0	0	0	0	0	0	0	0	0	0	0	0	0	0	0	0	0	0	0	0	0	0	0	0	0	0	0	0	0	0	0	0	0	938.988970127428	0	0	0	0
"ASV126"	0	0	0	0	0	0	0	0	0	516.631021299836	0	0	0	0	0	0	0	0	0	0	0	0	0	0	0	0	0	0	0	0	0	0	0	0	0	0	0	0	0	0	0	0
"ASV127"	0	0	0	0	0	0	0	0	0	0	0	0	0	0	0	0	0	0	0	0	0	0	0	0	0	0	0	0	0	0	0	0	0	0	0	0	0	0	0	0	0	408.80104286261
"ASV128"	37.4921520518939	0	0	0	0	0	0	0	0	0	0	0	0	0	57.2744683283787	0	0	0	0	0	0	0	0	0	0	0	0	0	0	0	0	0	0	0	0	0	6.13481101645852	0	0	0	0	0
"ASV131"	0	0	0	0	0	0	0	0	0	0	0	0	0	0	0	534.148396030464	0	0	0	0	703.627897350993	0	0	0	0	0	0	0	0	0	0	0	0	0	3.99122971872455	0	27.6066495740634	0	0	0	0	0
"ASV132"	0	0	0	0	0	0	0	0	0	0	0	0	0	0	0	0	0	0	0	0	0	0	0	0	565.083123964291	0	0	0	0	0	0	0	0	0	0	0	0	0	0	0	0	0
"ASV134"	0	0	0	0	0	0	17.7871160604263	0	0	0	0	0	0	0	0	0	0	0	0	0	0	0	0	0	0	0	0	0	0	0	0	0	0	0	0	0	0	0	0	0	0	0
"ASV135"	0	0	0	0	0	0	0	0	0	0	0	0	0	0	0	0	0	0	38.1494582742164	0	0	0	0	0	0	0	0	0	0	0	0	0	0	0	0	0	0	0	0	0	0	0
"ASV136"	0	0	0	0	0	0	0	0	0	0	0	0	0	0	0	0	0	0	0	0	0	0	0	0	0	1163.68397512055	0	0	0	0	0	0	0	0	0	0	0	0	0	0	0	0
"ASV137"	0	0	0	0	0	0	0	0	0	0	0	0	0	0	0	0	0	0	0	0	0	0	0	0	0	0	0	0	0	0	0	0	0	0	25.9429931717096	0	0	0	0	0	0	0
"ASV138"	74.9843041037878	0	0	0	0	0	0	0	0	0	0	0	0	0	0	0	0	0	0	0	0	0	0	0	0	0	0	0	0	0	0	0	0	0	0	0	0	197.68188844788	0	0	0	0
"ASV139"	0	0	0	0	0	0	0	0	0	0	0	0	0	0	0	0	0	0	0	0	0	126.101052481866	0	0	0	0	0	0	0	0	0	0	0	0	9.97807429681138	0	0	0	0	0	0	0
"ASV140"	0	0	0	0	0	0	0	0	0	0	0	0	0	0	0	0	0	0	0	0	0	0	0	0	0	0	0	0	0	0	25.9532084263664	0	0	0	0	0	0	0	0	0	0	0
"ASV142"	0	0	0	0	0	0	0	0	0	0	0	0	0	0	0	0	0	0	0	0	0	0	0	0	0	0	0	0	0	0	0	0	0	0	0	0	0	0	0	0	278.968154904785	0
"ASV143"	0	0	0	0	0	0	15.0506366665145	0	0	0	0	0	0	0	0	0	0	0	0	0	0	0	0	0	0	0	0	0	0	0	0	0	0	0	0	0	0	0	0	0	0	0
"ASV144"	0	0	0	0	0	0	10.9459175756469	0	32.2496648908747	0	0	0	0	0	0	0	0	0	0	0	0	0	0	0	0	0	0	0	0	0	0	0	0	0	0	0	0	0	0	0	0	0
"ASV145"	0	0	0	0	0	0	0	0	0	0	0	0	0	0	0	0	0	0	0	0	0	0	0	0	0	179.028303864701	0	0	0	0	0	0	0	0	0	0	27.6066495740634	0	0	0	0	0
"ASV147"	0	0	0	0	0	0	0	0	0	0	0	0	0	0	34.3646809970272	0	0	0	0	0	0	0	0	0	0	0	0	0	0	0	0	0	0	0	0	0	0	0	0	0	0	96.1884806735553
"ASV148"	0	0	0	0	0	0	0	0	0	0	0	0	0	0	0	0	0	0	0	0	0	0	0	0	0	0	114.790006011029	0	0	0	0	0	0	0	0	0	0	0	0	0	0	0
"ASV149"	0	0	0	0	0	0	0	0	0	0	0	0	0	0	0	0	0	0	0	0	0	0	0	0	0	0	0	0	0	0	0	0	5939.88990825688	0	0	0	0	0	0	0	0	0
"ASV151"	0	0	0	0	0	0	0	0	0	0	0	0	0	0	0	0	0	0	0	0	0	0	0	82.1288697788698	0	0	0	0	0	0	0	0	0	0	0	0	0	0	0	0	0	0
"ASV152"	0	0	0	0	0	0	0	0	0	0	0	0	0	0	0	0	0	0	0	0	0	0	0	82.1288697788698	0	0	0	0	0	0	0	0	0	0	0	0	0	0	0	0	0	0
"ASV153"	0	0	0	0	0	0	0	0	0	0	0	0	0	0	0	0	0	0	0	0	0	0	0	0	0	0	103.311005409926	0	0	0	0	0	0	0	0	0	0	0	0	0	0	0
"ASV154"	0	0	0	0	0	0	0	0	0	0	0	0	0	0	0	0	0	0	0	0	0	0	0	0	0	0	103.311005409926	0	0	0	0	0	0	0	0	0	0	0	0	0	0	0
"ASV155"	0	0	0	0	0	0	0	0	0	0	0	0	0	0	0	0	0	0	0	0	0	0	0	0	0	0	0	0	0	0	0	0	0	0	0	0	0	0	0	1182.3974437887	0	0
"ASV156"	0	0	0	0	0	0	0	0	0	0	0	0	0	0	0	0	0	0	0	0	0	0	0	0	0	0	0	0	0	0	17.3021389509109	0	0	0	0	0	0	0	0	0	0	0
"ASV157"	0	0	0	0	0	0	0	0	0	0	0	0	0	0	0	0	0	0	0	0	0	0	0	0	0	0	0	0	0	0	17.3021389509109	0	0	0	0	0	0	0	0	0	0	0
"ASV158"	0	0	0	0	0	0	0	0	75.2492180787077	0	0	0	0	0	0	0	0	0	0	0	0	0	0	0	0	0	0	0	0	0	0	0	0	0	0	0	0	0	0	0	0	0
"ASV159"	0	0	0	0	0	0	0	0	0	0	0	0	0	0	0	0	0	0	0	0	0	0	0	63.8780098280098	0	0	0	0	0	0	0	0	0	0	0	0	0	0	0	0	0	0
"ASV160"	0	0	0	0	0	0	0	0	0	0	0	0	0	0	0	0	0	0	0	0	0	0	0	0	0	0	0	0	0	0	0	0	0	0	13.9693040155359	0	0	0	0	0	0	0
"ASV161"	0	0	909.956158720661	0	0	0	0	0	0	0	0	0	0	0	0	0	0	0	0	0	0	0	0	0	0	0	0	0	0	0	0	0	0	0	0	0	0	0	0	0	0	0
"ASV162"	0	0	0	0	0	0	0	383.236133752137	0	0	0	0	0	0	0	0	0	0	0	0	0	0	0	0	0	0	0	0	0	0	0	0	0	0	0	0	0	0	0	0	0	0
"ASV163"	0	0	0	0	0	0	0	0	0	182.340360458766	0	0	0	0	0	0	0	0	0	0	0	0	0	0	0	0	0	0	0	0	0	0	0	0	0	0	0	0	0	0	0	0
"ASV164"	0	0	0	0	0	0	0	0	0	91.1701802293829	0	0	0	0	0	0	0	0	0	0	0	0	0	0	0	0	0	0	0	0	0	0	0	0	0	0	0	0	0	0	0	0
"ASV165"	0	0	0	0	0	0	0	0	0	0	32.6940381558029	0	0	0	0	0	0	0	0	0	0	0	0	0	0	0	0	0	0	0	0	0	0	0	0	0	0	0	0	0	0	0
"ASV166"	0	0	0	0	0	0	0	0	0	0	0	0	0	0	0	0	0	0	0	0	0	0	0	0	0	0	0	0	0	0	0	1881.66677699628	0	0	0	0	0	0	0	0	0	0
"ASV167"	0	0	0	0	0	0	0	0	0	0	0	0	0	0	0	0	0	0	0	0	0	0	0	0	0	0	0	0	0	0	0	0	3563.93394495413	0	0	0	0	0	0	0	0	0
"ASV168"	0	0	0	0	0	0	0	0	0	0	0	0	0	0	0	0	0	0	0	0	0	0	0	0	0	0	0	0	0	0	0	0	0	0	0	0	6.13481101645852	197.68188844788	0	0	0	0
"ASV170"	0	0	0	0	0	0	0	0	0	0	0	0	0	0	0	0	0	0	0	0	0	0	0	0	0	0	0	0	0	0	0	0	0	0	0	0	0	0	0	788.264962525798	0	0
"ASV172"	0	0	0	0	0	0	0	127.745377917379	0	0	0	0	0	0	0	0	0	0	0	0	0	0	0	0	0	0	34.4370018033087	0	0	0	0	0	0	0	0	0	0	0	0	0	0	0
"ASV173"	0	0	0	0	0	0	0	0	0	0	0	0	0	0	0	0	0	0	0	0	0	0	0	0	188.36104132143	0	0	0	0	0	0	0	0	0	0	0	0	0	0	0	0	0
"ASV174"	0	0	0	0	0	0	0	0	0	0	0	0	0	0	0	0	0	0	0	0	0	0	0	0	0	0	57.3950030055145	0	0	0	0	0	0	0	0	0	0	0	0	0	0	0
"ASV175"	0	0	0	0	0	0	0	0	0	0	0	0	0	0	0	0	0	0	0	0	0	0	0	0	0	0	0	0	0	0	10.8138368443193	0	0	0	0	0	0	0	0	0	0	0
"ASV176"	0	0	0	0	0	0	0	0	0	0	0	0	0	0	0	0	0	0	0	0	0	0	0	0	0	0	0	0	0	0	0	0	0	0	9.97807429681138	0	0	0	0	0	0	0
"ASV180"	0	0	606.637439147108	0	0	0	0	0	0	0	0	0	0	0	0	0	0	0	0	0	0	0	0	0	0	0	0	0	0	0	0	0	0	0	0	0	0	0	0	0	0	0
"ASV181"	0	0	606.637439147108	0	0	0	0	0	0	0	0	0	0	0	0	0	0	0	0	0	0	0	0	0	0	0	0	0	0	0	0	0	0	0	0	0	0	0	0	0	0	0
"ASV182"	0	0	0	0	0	0	5.47295878782347	0	0	0	0	0	0	0	0	0	0	0	0	0	0	0	0	0	0	0	0	0	0	0	0	0	0	0	0	0	0	0	0	0	0	0
"ASV183"	0	0	0	0	0	0	0	0	0	0	0	0	670.839125310986	0	0	0	0	0	0	0	0	0	0	0	0	0	0	0	0	0	0	0	0	0	0	0	0	0	0	0	0	0
"ASV184"	0	0	0	0	0	0	0	0	0	0	0	0	0	352.033581194531	0	0	0	0	0	0	0	0	0	0	0	0	0	0	0	0	0	0	0	0	0	0	0	0	0	0	0	0
"ASV185"	0	0	0	0	0	0	0	0	0	0	0	0	0	0	0	0	0	0	0	0	0	72.057744275352	0	0	0	0	0	0	0	0	0	0	0	0	0	0	0	0	0	0	0	0
"ASV186"	0	0	0	0	0	0	0	0	0	0	0	0	0	0	0	0	0	0	0	0	0	0	0	0	150.688833057144	0	0	0	0	0	0	0	0	0	0	0	0	0	0	0	0	0
"ASV187"	0	0	0	0	0	0	0	0	0	0	0	0	0	0	0	0	0	0	0	0	0	0	0	0	0	0	0	105.529927985262	0	0	0	0	0	0	0	0	0	0	0	0	0	0
"ASV188"	0	0	0	0	0	0	0	0	0	0	0	0	0	0	0	0	0	0	0	0	0	0	0	0	0	0	0	0	0	0	0	0	2375.95596330275	0	0	0	0	0	0	0	0	0
"ASV189"	0	0	0	0	0	0	0	0	0	0	0	0	0	0	0	0	0	0	0	0	0	0	0	0	0	0	0	0	0	0	0	0	2375.95596330275	0	0	0	0	0	0	0	0	0
"ASV190"	0	0	0	0	0	0	0	0	0	0	0	0	0	0	0	0	0	0	0	0	0	0	0	0	0	0	0	0	0	0	0	0	0	6.19291759601577	0	0	0	0	0	0	0	0
"ASV198"	28.1191140389204	0	0	0	0	0	0	0	0	0	0	0	0	0	0	0	0	0	0	0	0	0	0	0	0	0	0	0	0	0	0	0	0	0	0	0	0	0	0	0	0	0
"ASV199"	0	0	454.978079360331	0	0	0	0	0	0	0	0	0	0	0	0	0	0	0	0	0	0	0	0	0	0	0	0	0	0	0	0	0	0	0	0	0	0	0	0	0	0	0
"ASV200"	0	0	0	0	315.137738776302	0	0	0	0	0	0	0	0	0	0	0	0	0	0	0	0	0	0	0	0	0	0	0	0	0	0	0	0	0	0	0	0	0	0	0	0	0
"ASV201"	0	0	0	0	0	0	4.1047190908676	0	0	0	0	0	0	0	0	0	0	0	0	0	0	0	0	0	0	0	0	0	0	0	0	0	0	0	0	0	0	0	0	0	0	0
"ASV202"	0	0	0	0	0	0	0	0	0	0	0	0	503.12934398324	0	0	0	0	0	0	0	0	0	0	0	0	0	0	0	0	0	0	0	0	0	0	0	0	0	0	0	0	0
"ASV203"	0	0	0	0	0	0	0	0	0	0	0	0	0	0	0	0	0	2026.78738375442	0	0	0	0	0	0	0	0	0	0	0	0	0	0	0	0	0	0	0	0	0	0	0	0
"ASV204"	0	0	0	0	0	0	0	0	0	0	0	0	0	0	0	0	0	2026.78738375442	0	0	0	0	0	0	0	0	0	0	0	0	0	0	0	0	0	0	0	0	0	0	0	0
"ASV205"	0	0	0	0	0	0	0	0	0	0	0	0	0	0	0	0	0	0	8.80372114020379	0	0	0	0	0	0	0	0	0	0	0	0	0	0	0	0	0	0	0	0	0	0	0
"ASV206"	0	0	0	0	0	0	0	0	0	0	0	0	0	0	0	0	0	0	0	0	0	0	0	0	0	0	0	79.1474459889466	0	0	0	0	0	0	0	0	0	0	0	0	0	0
"ASV207"	0	0	0	0	0	0	0	0	0	0	0	0	0	0	0	0	0	0	0	0	0	0	0	0	0	0	0	0	195.345781002317	0	0	0	0	0	0	0	0	0	0	0	0	0
"ASV208"	0	0	0	0	0	0	0	0	0	0	0	0	0	0	0	0	0	0	0	0	0	0	0	0	0	0	0	0	0	861.802298126869	0	0	0	0	0	0	0	0	0	0	0	0
"ASV209"	0	0	0	0	0	0	0	0	0	0	0	0	0	0	0	0	0	0	0	0	0	0	0	0	0	0	0	0	0	0	6.48830210659159	0	0	0	0	0	0	0	0	0	0	0
"ASV210"	0	0	0	0	0	0	0	0	0	0	0	0	0	0	0	0	0	0	0	0	0	0	0	0	0	0	0	0	0	0	6.48830210659159	0	0	0	0	0	0	0	0	0	0	0
"ASV211"	0	0	0	0	0	0	0	0	0	0	0	0	0	0	0	0	0	0	0	0	0	0	0	0	0	0	0	0	0	0	6.48830210659159	0	0	0	0	0	0	0	0	0	0	0
"ASV212"	0	0	0	0	0	0	0	0	0	0	0	0	0	0	0	0	0	0	0	0	0	0	0	0	0	0	0	0	0	0	0	0	0	0	0	0	9.20221652468778	0	0	0	0	0
"ASV215"	0	0	0	0	0	0	0	0	0	0	0	0	0	0	0	0	0	0	0	0	0	0	0	0	0	0	0	0	0	0	0	0	0	0	0	0	0	148.26141633591	0	0	0	0
"ASV216"	0	0	0	0	0	0	0	0	0	0	0	0	0	0	0	0	0	0	0	0	0	0	0	0	0	0	0	0	0	0	0	0	0	0	0	0	0	0	19.6362226816302	0	0	0
"ASV217"	0	0	0	0	210.091825850868	0	0	0	0	0	0	0	0	0	0	0	0	0	0	0	0	0	0	0	0	0	0	0	0	0	0	0	0	0	0	0	0	0	0	0	0	0
"ASV218"	0	0	0	0	0	0	0	0	0	0	0	35.8078466107435	0	0	0	0	0	0	0	0	0	0	0	0	0	0	0	0	0	0	0	0	0	0	0	0	0	0	0	0	0	0
"ASV219"	0	0	0	0	0	0	0	0	0	0	0	35.8078466107435	0	0	0	0	0	0	0	0	0	0	0	0	0	0	0	0	0	0	0	0	0	0	0	0	0	0	0	0	0	0
"ASV220"	0	0	0	0	0	0	0	0	0	0	0	0	0	176.016790597266	0	0	0	0	0	0	0	0	0	0	0	0	0	0	0	0	0	0	0	0	0	0	0	0	0	0	0	0
"ASV221"	0	0	0	0	0	0	0	0	0	0	0	0	0	176.016790597266	0	0	0	0	0	0	0	0	0	0	0	0	0	0	0	0	0	0	0	0	0	0	0	0	0	0	0	0
"ASV222"	0	0	0	0	0	0	0	0	0	0	0	0	0	0	11.4548936656757	0	0	0	0	0	0	0	0	0	0	0	0	0	0	0	0	0	0	0	0	0	0	0	0	0	0	0
"ASV223"	0	0	0	0	0	0	0	0	0	0	0	0	0	0	0	534.148396030464	0	0	0	0	0	0	0	0	0	0	0	0	0	0	0	0	0	0	0	0	0	0	0	0	0	0
"ASV224"	0	0	0	0	0	0	0	0	0	0	0	0	0	0	0	0	45.8264124662662	0	0	0	0	0	0	0	0	0	0	0	0	0	0	0	0	0	0	0	0	0	0	0	0	0
"ASV225"	0	0	0	0	0	0	0	0	0	0	0	0	0	0	0	0	0	0	0	0	703.627897350993	0	0	0	0	0	0	0	0	0	0	0	0	0	0	0	0	0	0	0	0	0
"ASV226"	0	0	0	0	0	0	0	0	0	0	0	0	0	0	0	0	0	0	0	0	0	0	47.2241796461515	0	0	0	0	0	0	0	0	0	0	0	0	0	0	0	0	0	0	0
"ASV227"	0	0	0	0	0	0	0	0	0	0	0	0	0	0	0	0	0	0	0	0	0	0	0	0	0	0	22.9580012022058	0	0	0	0	0	0	0	0	0	0	0	0	0	0	0
"ASV228"	0	0	0	0	0	0	0	0	0	0	0	0	0	0	0	0	0	0	0	0	0	0	0	0	0	0	0	0	0	0	4.32553473772773	0	0	0	0	0	0	0	0	0	0	0
"ASV229"	0	0	0	0	0	0	0	0	0	0	0	0	0	0	0	0	0	0	0	0	0	0	0	0	0	0	0	0	0	0	0	0	0	3.09645879800788	0	0	0	0	0	0	0	0
"ASV230"	0	0	0	0	0	0	0	0	0	0	0	0	0	0	0	0	0	0	0	0	0	0	0	0	0	0	0	0	0	0	0	0	0	0	3.99122971872455	0	0	0	0	0	0	0
"ASV231"	0	0	0	0	0	0	0	0	0	0	0	0	0	0	0	0	0	0	0	0	0	0	0	0	0	0	0	0	0	0	0	0	0	0	0	35.0134390834986	0	0	0	0	0	0
